0 0.39986910994764396 0.4948717948717949 0.07198952879581152 0.06666666666666667
0 0.5150523560209425 0.1608974358974359 0.07722513089005235 0.07564102564102564
0 0.550392670157068 0.06346153846153846 0.10863874345549739 0.09358974358974359
0 0.29712041884816753 0.6794871794871795 0.07329842931937172 0.06923076923076923
0 0.3488219895287958 0.5858974358974359 0.07198952879581152 0.06666666666666667
0 0.2650523560209424 0.7583333333333333 0.06413612565445026 0.06538461538461539
0 0.24149214659685864 0.8506410256410256 0.09554973821989529 0.08846153846153847
0 0.24214659685863874 0.9519230769230769 0.09947643979057591 0.09102564102564102
0 0.42408376963350786 0.41410256410256413 0.07591623036649214 0.07435897435897436
0 0.49214659685863876 0.26282051282051283 0.07068062827225131 0.06923076923076923
0 0.46596858638743455 0.3294871794871795 0.07068062827225131 0.06666666666666667